0.3251669976292757 0.08959473876678814 0.10663443748670687 0.7302899076407184 0.07509257965037108 0.44458063542471116 0.0777253515546944 0.12000557219098706 0.11146595587469543 0.0936199072992836 
0.665324849420088 0.24298106731907732 0.8441059421423098 0.5706980101895809 0.6820920566547027 0.6509577065642487 0.9704458845050069 0.22102856276653426 0.29139939005279847 0.45864767299322917 
0.27677259912714025 0.18996876534365192 0.6545686807312466 0.9155433564289285 0.6975683998759163 0.25741774824161223 0.7898391871284827 0.24326865856028523 0.044364228424487506 0.9186070686243146 
0.0666821130424402 0.6711201640629921 0.9102374632085878 0.5584820267824 0.11942749211999171 0.939359620152591 0.13206536536483726 0.044411275341186496 0.6057713162208609 0.4079839466825691 
0.849870983976081 0.5707512120407466 0.15858172308352603 0.3081123913862588 0.6410755356780276 0.12883108719274916 0.083525571126009 0.6037947598225157 0.4271974107562082 0.5472132646560222 
0.8403870311256793 0.39395905255631647 0.8515145293990196 0.6496227810566242 0.11255258000276724 0.7773802304006251 0.6084337926724924 0.7117286592064805 0.3169877441512273 0.6279664075370138 
0.7687872039177229 0.06299928377611674 0.7361323736944152 0.7833227836825336 0.4900014406423304 0.3761425600194509 0.06349320919756973 0.7364672936966605 0.6260639994086922 0.9141810382259237 
0.04631383665139621 0.03873667683393189 0.6594353213767549 0.7640009988550592 0.08155369411967228 0.2713349895535355 0.06553342810760021 0.8752539672930597 0.07550943040594316 0.6236412919137756 
0.6901436188247038 0.5447773108081138 0.612763279713351 0.8283068992177292 0.9710827281208853 0.839240980244796 0.4967450410124672 0.4463368170619403 0.8676736928637374 0.332515013992274 
0.022045440293649077 0.26976389010416346 0.17506308479650945 0.4492928289307674 0.9177205236732381 0.915188656976309 0.49514051975282525 0.6527934415052037 0.7611779085400204 0.5183713064994627 
