0.511795513484676 0.6919051680729731 0.8038378029940332 0.808226813191444 0.37547410491946287 0.13192260181146787 0.5726128131977145 0.7379881621277877 0.9404737247600592 0.433067440826313 
0.3153523330572823 0.2819663591869944 0.318141900442677 0.9122728682367196 0.34374873760114044 0.9682506460570142 0.710120237297746 0.02625034700583817 0.5938044851847426 0.21085548180599012 
0.7680025911443091 0.5476466070092872 0.2718103374313162 0.5292360502096007 0.7892518881110895 0.3711378802418035 0.28288679423710184 0.29875701284549705 0.9039475275192943 0.8825972774874805 
0.24949238174001942 0.7626138116130674 0.03291120650935053 0.052010266775610936 0.3189036983777671 0.6538702277735884 0.8049859533504907 0.6696026595233124 0.6315241462253882 0.9256892188608873 
0.8097195854164898 0.4346839188175985 0.2759796062906913 0.768498515060143 0.5314303136893543 0.9279982854933376 0.7923104341957214 0.3047468111948398 0.06160885797001758 0.8509149214442794 
0.8011719491312368 0.09506967072368111 0.21883800711485313 0.29857739667117655 0.13480545968003155 0.8640991463394974 0.018887160887199994 0.24917205419727906 0.9246450884528296 0.6598147717590382 
0.532365607181595 0.897763628132298 0.46077596497964635 0.9972473769040263 0.043295640363464005 0.9406857397017008 0.2800616256296964 0.4055121222777671 0.07919204362943122 0.42526280892085344 
0.8626097996688333 0.19655997458364804 0.32171220236526676 0.3196791216318472 0.5203472298875961 0.20470224837780826 0.6266668204195774 0.5290997910964921 0.5468260129637773 0.7078757066998143 
0.3831582297829198 0.6866873886705449 0.4639851653843904 0.7347805026295466 0.22383957490499673 0.6819470147659176 0.24944297704052676 0.48643725646550584 0.6617650121980173 0.553871986374254 
0.7569970144319738 0.6563731573372455 0.574027256365762 0.07265073016769463 0.15336058577066036 0.020561584064129335 0.5783558330827018 0.06123543870944004 0.08576547182760386 0.7864035847158787 
